  2 2020-03-25
                          haganken1 368829142336143381   1    0    0
                            1_90000 368830640860299268   1    0    0
                            2_90001 368830669067124736   1    0    0
                               shin 368837436761178125   1    0    0
                           kenshiro 368845066845945856   1    0    0
                                 AT 368870796770279425   1    0    0
                            SINDERU 399046446441299978   1    0    0
                             Satori 401747669107736586   1    0    0
                             Koishi 401747727891038209   1    0    0
                        MentallyIll 401820598067527698   1    0    0
                            Flandre 401958914377252874   1    0    0
                              thonk 401982124699287576   1    0    0
                        KusogiLaugh 402315059868729344   1    0    0
                              Akane 402316282890027008   1    0    0
                          thinking2 403152741398085632   1    0    0
                             Momiji 404449316892311562   1    0    0
                            misogi2 406916126090461225   1    0    0
                          KoishiSad 421870090078912512   1    0    0
                        MisogiThink 422176942821867520   1    0    0
                              Ahri1 434760517752455168   1    0    0
                              Sanai 441217699616522240   1    0    0
                           Loliball 442696212890517506   1    0    0
                             Bomper 460949820723691531   1    0    0
                           MokouMad 460949869050200086   1    0    0
                     Koishi_aisatsu 486219958871785473   1    0    0
                             bibiru 490795504826056705   1    0    0
                              kawai 492632611534012426   1    0    0
                            kitanai 492632685043384321   1    0    0
                              zero1 492632989558374400   1    0    0
                           Menacing 510494915663364107   1    0    0
                               kira 513600700345876483   1    0    0
                           Jukchang 529363536590274570   1    0    0
                            dododo2 548757178903822347   1    0    0
                           Ghiaccio 549076809971662848   1    0    0
                             otaku1 550245548741885952   1    0    0
                               tbc2 556821546765910016   1    0    0
                               tbc1 556821638818168862   1    0    0
                               bono 556824583609647104   1    0    0
                              Sleep 568294601673408512   1    0    0
                              Arios 570818993754079233   1    0    0
                              Sanic 577076171414568980   1    0    0
                          Black_Cow 577391528486633475   1    0    0
                                 WA 585917842504024070   1    0    0
                               zzin 585919858739249184   1    0    0
                                DUN 585921073820729378   1    0    0
                             misogi 586059596368707585   1    0    0
                                DIO 586064909750632478   1    0    0
                          NoMention 586071614119084032   1    0    0
                              Duhan 586072520709373964   1    0    0
                            WaSans1 586076184299700234   1    0    0
                            WaSans2 586081168114319361   1    0    0
                           Dankyoin 586119420259205150   1    0    0
                            Koishi2 586123803411611668   1    0    0
                             SM_DIO 586124513738227714   1    0    0
                          GANZI_DIO 586124606260248578   1    0    0
                           burnable 586125466809663498   1    0    0
                              P_Box 586128028967370754   1    0    0
                                Bom 586128041281847297   1    0    0
                        JUNKOSCREAM 586130703696003075   1    0    0
                         KASENDRUNK 586167553416495142   1    0    0
                         Heckle_Bot 586169591265230870   1    0    0
                        Misogi_evil 586173851549958145   1    0    0
                          NYN_KAWAI 586178962472960010   1    0    0
                              yoko1 586437610923229194   1    0    0
                           doresmug 586440142814707724   1    0    0
                           nyangasm 586440179288637450   1    0    0
                                 FF 586442208698302504   1    0    0
                              WOWIE 586443481354993665   1    0    0
                        KaguyaLaugh 586444233934766081   1    0    0
                           kishicry 586444250909245440   1    0    0
                             otaku2 586447736333795328   1    0    0
                             otaku3 586450609373446145   1    0    0
                         M4thinking 589370497452736512   1    0    0
                             LISTEN 590514300615917580   1    0    0
                            kuikui1 591704567415046146   1    0    0
                           nurunuru 598567265583235082   1    0    0
                              idiot 605781979413086228   1    0    0
                             otaku4 609857006534131722   1    0    0
                             otaku5 609857444826316802   1    0    0
                                ARI 611862104575574026   1    0    0
                             Mamang 614887189746024546   1    0    0
                               sigh 615935216271228938   1    0    0
                         disgustful 615939538044321794   1    0    0
                          yukaricry 615941011096600584   1    0    0
                            homette 631723073262977043   1    0    0
                              pachi 634398496895533057   1    0    0
                             saikyo 634403556140646400   1    0    0
                               gyaa 634403853760200704   1    0    0
                              yoko2 636128478579785729   1    0    0
                            deadeye 636648291794288650   1    0    0
                          muleumpyo 641386466311667742   1    0    0
                              ganun 641420406926082097   1    0    0
                             suwako 641450426536951839   1    0    0
                        SuperShorty 641574447597486110   1    0    0
                      SatoriSuicide 641574858156802058   1    0    0
                          igotagaun 641624569416908810   1    0    0
                           charisma 641924561901846528   1    0    0
                           AirCirno 641924960259932160   1    0    0
                          BlueLock2 642095724787400744   1    0    0
                        YaKkulbeol1 642336391782596608   1    0    0
                        YaKkulbeol2 642336402389860366   1    0    0
                        YaKkulbeol3 642336417829093406   1    0    0
                              Adolf 642468960893272065   1    0    0
                          WigglyBoi 642729695108136966   1    1    0
                        abithinking 645680184476958760   1    0    0
                              sanae 645916770741518336   1    0    0
                            kangae2 645940321103904768   1    0    0
                            kangae1 645944406175907850   1    0    0
                         MinorikoHi 645952586297507852   1    0    0
                          RumiaDead 645954640440983572   1    0    0
                      yuyumidfinger 647875279825666068   1    0    0
                            MikoSad 647900396920242204   1    0    0
                         MikoChuuni 648674230409363461   1    0    0
                          MikoLaugh 648741059119284234   1    0    0
                               Doya 649289182027710517   1    0    0
                        Mikooooooon 649295920797843484   1    0    0
                         actionbeam 650230014532517908   1    0    0
                         GhostDance 651046057752657920   1    0    0
                 nantogokutokenkana 653276247853367326   1    0    0
                  hokutohiwikenkana 653276274072092701   1    0    0
                                hmm 653479317153644545   1    0    0
                            MemeCat 653601841489248256   1    0    0
                            JugeoRa 653603118667268135   1    0    0
                             MikSad 653614427446181888   1    0    0
                         junkoangry 654257737802186752   1    0    0
                              alice 654722510541029380   1    0    0
                        fenrirsmile 654986288528752663   1    0    0
                      think_reverse 656702262629892096   1    0    0
                         think_boom 656717829487329280   1    0    0
                         IkuRocking 661242599339720717   1    0    0
                          utukushii 669210209910259722   1    0    0
                         YukariSmug 670011983894020137   1    0    0
                               spit 672670235081441301   1    0    0
                       suwako_batta 672670885207080971   1    0    0
                             bullet 672720246347661322   1    0    0
                               karu 672757061733580821   1    0    0
                            sadfish 676240416143572992   1    0    0
                          sadfish_c 676244128882753546   1    0    0
                          birdbrain 676246781750673438   1    0    0
                          nyan_hi_c 676247757635321856   1    0    0
                            nyan_hi 676247862442590238   1    0    0
                               doot 676249088873725972   1    0    0
                                 p8 676251731432177735   1    0    0
                            gammari 677489516591710228   1    0    0
                              kyaru 677576056336810004   1    0    0
                      NotLikeTenshi 679319992163893279   1    0    0
                         TenkoThonk 679320001492025349   1    0    0
                        TenshiSpin1 679468255403835514   1    0    0
                        TenshiSpin2 680104913552015370   1    0    0
                        TenshiSpin3 680104921520930819   1    0    0
                             hmming 680320329452617733   1    0    0
                           ttakttak 680693319076282368   1    0    0
                            wadada4 680696664876777616   1    0    0
                         ttakttak_c 680697832856092691   1    0    0
                             ssuika 680938671226093584   1    0    0
                               nyom 681429222866157628   1    0    0
                            wadada1 681439727991128070   1    0    0
                           nyan_out 681710074346864712   1    0    0
                            nyan_in 681710095549071641   1    0    0
                         keiburisu2 681727095289675817   1    0    0
                         keiburisu1 681727448064327712   1    0    0
                            wadada2 681792893903831073   1    0    0
                         etgchicken 681819032206311484   1    0    0
                                sip 682123960267178004   1    0    0
                            wadada3 682128405457928241   1    0    0
                          mokoupset 682219809047707708   1    0    0
                             jujack 682368362642538509   1    0    0
                         koishi_ron 682381799686799415   1    0    0
                           harenchi 682557917295411200   1    0    0
                           mikosaad 683131073848541220   1    0    0
                       Mikobjection 683131885529989236   1    0    0
                            WaSans3 683167322529464364   1    0    0
                          objection 683167469833420803   1    0    0
                       wiggly_accel 683483049132032053   1    0    0
                        wiggly_twin 683483261065887782   1    0    0
                        TenshiSpin4 684360076261064811   1    0    0
                                you 684708094374445057   1    0    0
                              ebaya 685522719852593206   1    0    0
                           dokidoki 686176416357810238   1    0    0
                              Obaka 686177267692470323   1    0    0
                           aquauaah 686177927552958474   1    0    0
                           aquaspin 686181951279071310   1    0    0
                             kutaka 686183163386396672   1    0    0
                        tojikoAaaah 686401274081837128   1    0    0
                             myeyes 686904883453886501   1    0    0
                            tenshi1 688527076747247684   1    0    0
                            tenshi2 688527085744029777   1    0    0
                            tenshi3 688527098520010779   1    0    0
                            tenshi4 688527107512729606   1    0    0
                              sato1 688527119986196500   1    0    0
                              sato2 688527129486557265   1    0    0
                                 hi 688527555980296458   1    0    0
                       awoothinking 688527915389943811   1    0    0
                               sans 688727954888589362   1    0    0
                          goldengun 688748307983630417   1    0    0
                            tenshi5 692037012752171019   1    0    0
